128,0,0,255 107,0,0,255 maroon C1
139,0,0,255 116,0,0,255 dark_red C2
165,42,42,255 138,35,35,255 brown C3
178,34,34,255 148,28,28,255 firebrick C4
220,20,60,255 183,17,50,255 crimson C5
255,0,0,255 213,0,0,255 red C6
255,99,71,255 213,83,59,255 tomato C7
255,127,80,255 213,106,67,255 coral C8
205,92,92,255 171,77,77,255 indian_red C9
240,128,128,255 200,107,107,255 light_coral C10
233,150,122,255 194,125,102,255 dark_salmon C11
250,128,114,255 208,107,95,255 salmon C12
255,160,122,255 213,133,102,255 light_salmon C13
255,69,0,255 213,58,0,255 orange_red C14
255,140,0,255 213,117,0,255 dark_orange C15
255,165,0,255 213,138,0,255 orange C16
255,215,0,255 213,179,0,255 gold C17
184,134,11,255 153,112,9,255 dark_golden_rod C18
218,165,32,255 182,138,27,255 golden_rod C19
238,232,170,255 198,193,142,255 pale_golden_rod C20
189,183,107,255 158,153,89,255 dark_khaki C21
240,230,140,255 200,192,117,255 khaki C22
128,128,0,255 107,107,0,255 olive C23
255,255,0,255 213,213,0,255 yellow C24
154,205,50,255 128,171,42,255 yellow_green C25
85,107,47,255 71,89,39,255 dark_olive_green C26
107,142,35,255 89,118,29,255 olive_drab C27
124,252,0,255 103,210,0,255 lawn_green C28
127,255,0,255 106,213,0,255 chart_reuse C29
173,255,47,255 144,213,39,255 green_yellow C30
0,100,0,255 0,83,0,255 dark_green C31
0,128,0,255 0,107,0,255 green C32
34,139,34,255 28,116,28,255 forest_green C33
0,255,0,255 0,213,0,255 lime C34
50,205,50,255 42,171,42,255 lime_green C35
144,238,144,255 120,198,120,255 light_green C36
152,251,152,255 127,209,127,255 pale_green C37
143,188,143,255 119,157,119,255 dark_sea_green C38
0,250,154,255 0,208,128,255 medium_spring_green C39
0,255,127,255 0,213,106,255 spring_green C40
46,139,87,255 38,116,73,255 sea_green C41
102,205,170,255 85,171,142,255 medium_aqua_marine C42
60,179,113,255 50,149,94,255 medium_sea_green C43
32,178,170,255 27,148,142,255 light_sea_green C44
47,79,79,255 39,66,66,255 dark_slate_gray C45
0,128,128,255 0,107,107,255 teal C46
0,139,139,255 0,116,116,255 dark_cyan C47
0,255,255,255 0,213,213,255 aqua C48
0,255,255,255 0,213,213,255 cyan C49
224,255,255,255 187,213,213,255 light_cyan C50
0,206,209,255 0,172,174,255 dark_turquoise C51
64,224,208,255 53,187,173,255 turquoise C52
72,209,204,255 60,174,170,255 medium_turquoise C53
175,238,238,255 146,198,198,255 pale_turquoise C54
127,255,212,255 106,213,177,255 aqua_marine C55
176,224,230,255 147,187,192,255 powder_blue C56
95,158,160,255 79,132,133,255 cadet_blue C57
70,130,180,255 58,108,150,255 steel_blue C58
100,149,237,255 83,124,198,255 corn_flower_blue C59
0,191,255,255 0,159,213,255 deep_sky_blue C60
30,144,255,255 25,120,213,255 dodger_blue C61
173,216,230,255 144,180,192,255 light_blue C62
135,206,235,255 113,172,196,255 sky_blue C63
135,206,250,255 113,172,208,255 light_sky_blue C64
25,25,112,255 21,21,93,255 midnight_blue C65
0,0,128,255 0,0,107,255 navy C66
0,0,139,255 0,0,116,255 dark_blue C67
0,0,205,255 0,0,171,255 medium_blue C68
0,0,255,255 0,0,213,255 blue C69
65,105,225,255 54,88,188,255 royal_blue C70
138,43,226,255 115,36,188,255 blue_violet C71
75,0,130,255 63,0,108,255 indigo C72
72,61,139,255 60,51,116,255 dark_slate_blue C73
106,90,205,255 88,75,171,255 slate_blue C74
123,104,238,255 103,87,198,255 medium_slate_blue C75
147,112,219,255 123,93,183,255 medium_purple C76
139,0,139,255 116,0,116,255 dark_magenta C77
148,0,211,255 123,0,176,255 dark_violet C78
153,50,204,255 128,42,170,255 dark_orchid C79
186,85,211,255 155,71,176,255 medium_orchid C80
128,0,128,255 107,0,107,255 purple C81
216,191,216,255 180,159,180,255 thistle C82
221,160,221,255 184,133,184,255 plum C83
238,130,238,255 198,108,198,255 violet C84
255,0,255,255 213,0,213,255 magenta C85
218,112,214,255 182,93,178,255 orchid C86
199,21,133,255 166,18,111,255 medium_violet_red C87
219,112,147,255 183,93,123,255 pale_violet_red C88
255,20,147,255 213,17,123,255 deep_pink C89
255,105,180,255 213,88,150,255 hot_pink C90
255,182,193,255 213,152,161,255 light_pink C91
255,192,203,255 213,160,169,255 pink C92
139,69,19,255 116,58,16,255 saddle_brown C93
160,82,45,255 133,68,38,255 sienna C94
210,105,30,255 175,88,25,255 chocolate C95
205,133,63,255 171,111,53,255 peru C96
244,164,96,255 203,137,80,255 sandy_brown C97
222,184,135,255 185,153,113,255 burly_wood C98
210,180,140,255 175,150,117,255 tan C99
188,143,143,255 157,119,119,255 rosy_brown C100
255,228,181,255 213,190,151,255 moccasin C101
255,222,173,255 213,185,144,255 navajo_white C102
255,218,185,255 213,182,154,255 peach_puff C103
255,228,225,255 213,190,188,255 misty_rose C104
112,128,144,255 93,107,120,255 slate_gray C105
119,136,153,255 99,113,128,255 light_slate_gray C106
176,196,222,255 147,163,185,255 light_steel_blue C107
230,230,250,255 192,192,208,255 lavender C108
26,26,26,255 22,22,22,255 black C109
105,105,105,255 88,88,88,255 dim_grey C110
128,128,128,255 107,107,107,255 grey C111
169,169,169,255 141,141,141,255 dark_grey C112
192,192,192,255 160,160,160,255 silver C113
211,211,211,255 176,176,176,255 light_grey C114
220,220,220,255 183,183,183,255 gainsboro C115
245,245,245,255 204,204,204,255 white_smoke C116
255,255,255,255 213,213,213,255 white C117